8242
6965
7460
8647
(1784 7950)
1784
7669
7514
6220
6952
6230 2763
6230
810
1809
8936
378
8908
8599
3680
7696
8974
5259
2402
9069
2901
3322
3332 6163
3332 (4110 6163)
3332 4110
3332
7196
7860
8085
(3744 4103)
3744
563
1310
3288
4103
3746
5088
4704
8302
1286
1970
6091
6869
8432
6500
2321
5425
8861
3600
9437
5339
6912
8684
3801
3618
7830
(2517 5039)
(2517 3881 5039)
(2517 3881)
2517
3876
4521
1646
930
4701
7700
4263
8961
2454
5319
3337
8371
4338
795
9362
2313
7950
8737
3772
4282
289
9435
7342
5671
401
3443
2695
1045
5598
9459
(1028 4193)
1028
9715
8068
9004
6699
5539
7272
5481
2214
5565
5181
5991
4647
4315
1090
(4110 6163)
4110
3137
7790
5362
917
3932
8027
3282
9327
6978
4762
991
438
4663
5621
5919
4207
1375
6163
8494
7984
8773
4630
9924
2100
4905
126
1910
8022
2725
7680
4212
9713
8459
5547
3904
665
5336
9632
969
1211
5527
5403
5805
2278
9270
139
4441
(2319 7830)
2319
1242
9857
6461
843
8288
1099
7552
9242
4490
8320
5003
(7961 8762)
7961
6234
8973
2763
8444
6790
388
8618
5768
4856
608
3641
9850
8131
6520
6090
9723
3264
6913
8900
3544
8393
9329
(3881 5039)
3881
2209
201
2156
2547
9027
3991
5631
5330
3048
6265
9307
1931
3567
8938
1817
6735
2308
6225
1004
1002
6629
1476
5239
5316
6655
5772
3974
2602
970
7870
8834
2746
5462
9989
3089
8181
9593
5494
5729
3316
9452
5578
8796
8173
2945
1064
4193
5442
4420
4344
8543
9870
1839
7464
9159
3208
5145
3992
2104
271
(1444 6474)
1444
2179
127
7354
4404
213
9198
7312
5064
1582
5159
8871
4092
8236
6215
6186
887
9458
5352
6359
3995
8435
32
5491
9348
6020
2296
2244
3300
5365
1181
136
6347
8252
2529
4018
9726
2642
5184
9414
2531
1363
174
1949
4619
5134
8654
4690
9983
3436
2947
3128
1065
7806
2332
9424
9842
3328
3596
7227
2956
5542
2280
3701
8226
4190
4030
8294
(2832 2964)
2832
916
3622
3786
8034
5255
4113
6705
2020
8219
2601
1442
2999
4611
1566
5926
7996
1009
6393
7077
616
4867
2414
5557
7784
7219
9479
699
6409
22
8064
6370
3355
2607
7372
8388
5474
5870
9248
1707
9320
8227
385
6528
7599
8145
6453
1798
6432
3681
8762
1849
2626
389
1989
9212
3826
281
6579
6282
2379
4732
9333
8239
42
1017
9108
1926
7595
2581
955
1528
2784
8859
8167
3218
657
7681
7466
7868
2930
3793
1952
6532
4580
3667
5420
7869
(8076 9989)
8076
5767
513
7224
1819
5679
1091
5634
1446
4081
6434
2554
6241
671
7668
7978
8469
9936
490
4216
148
1353
9853
2522
9530
7034
5429
5082
3524
5789
6883
8734
3687
2978
6454
1979
1082
1999
8561
3408
3455
1054
4392
6860
8770
4302
7287
4973
799
8306
6555
8443
6627
2154
9914
1681
6325
5834
4241
9750
6331
110
268
4095
4655
5803
4387
5039
6084
(456 520)
456
2479
7174
5314
3988
1648
1948
9863
7866
1428
5223
6881
956
5659
3203
8772
3003
9681
9300
4163
9717
8714
1936
6588
3239
2428
1997
542
1796
4196
3242
1806
1828
9457
5005
2271
8479
9943
6575
4581
518
1350
1797
1513
7446
642
5728
9215
6996
6842
5482
3840
2724
1826
772
4215
7539
1356
9814
2793
(996 7700)
996
4015
7003
6980
4806
9753
9691
6226
3470
9263
9941
9826
5583
5946
4642
586
9550
2623
3770
6173
6666
7815
1249
7922
5721
7986
6945
6439
3858
544
8707
7667
5564
11
2059
3543
2311
780
1126
6911
6484
8367
3797
6681
2830
8935
865
2394
2940
121
7916
935
2004
662
5060
476
2393
7416
6682
9202
8383
3096
5160
1422
3462
8639
1955
7007
1147
3611
6685
428
3679
1193
8153
1633
4782
3270
9538
8853
1435
1937
520
6199
4488
6177
9623
7650
5515
8424
4601
1259
6819
3676
5124
2964
8315
9509
2016
585
1275
9813
2617
3711
4445
9049
839
2143
579
4877
710
8667
8845
8614
486
6915
1125
1189
3440
3187
7887
1053
6949
2221
9610
9730
834
5603
3252
7440
2353
570
8405
4897
8476
1589
3216
2923
323
3977
1567
7560
308
5620
554
1536
18
4265
295
2127
(1923 8938)
1923
1630
2406
9088
2730
718
5611
6031
2650
8035
2408
7648
5017
8440
4914
8779
7906
7435
4851
9434
9849
4142
3420
2331
303
1687
7871
571
9170
2523
2912
3895
4299
4516
5143
4926
6328
1761
6165
7997
7452
8634
7735
7089
5661
6976
6589
2277
302
7863
9548
12
6474
2782
3342
2816
5294
4381
5271
3368
698
6721
5044
6723
2242
8032
1680
4624
511
4596
4844
7832
948
3542
5451
1890
2667
7167
9765
7425
9055
4120
8215
4522
1663
7936
6758
